1 1
1.03 1.0609
1.06 1.1236
1.09 1.1881
1.12 1.2544
1.15 1.3225
1.18 1.3924
1.21 1.4641
1.24 1.5376
1.27 1.6129
1.3 1.69
1.33 1.7689
1.36 1.8496
1.39 1.9321
1.42 2.0164
1.45 2.1025
1.48 2.1904
1.51 2.2801
1.54 2.3716
1.57 2.4649
1.6 2.56
1.63 2.6569
1.66 2.7556
1.69 2.8561
1.72 2.9584
1.75 3.0625
1.78 3.1684
1.81 3.2761
1.84 3.3856
1.87 3.4969
1.9 3.61
1.93 3.7249
1.96 3.8416
1.99 3.9601
2.02 4.0804
2.05 4.2025
2.08 4.3264
2.11 4.4521
2.14 4.5796
2.17 4.7089
2.2 4.84
2.23 4.9729
2.26 5.1076
2.29 5.2441
2.32 5.3824
2.35 5.5225
2.38 5.6644
2.41 5.8081
2.44 5.9536
2.47 6.1009
2.5 6.25
2.53 6.4009
2.56 6.5536
2.59 6.7081
2.62 6.8644
2.65 7.0225
2.68 7.1824
2.71 7.3441
2.74 7.5076
2.77 7.6729
2.8 7.84
2.83 8.0089
2.86 8.1796
2.89 8.3521
2.92 8.5264
2.95 8.7025
2.98 8.8804
3.01 9.0601
3.04 9.2416
3.07 9.4249
3.1 9.61
3.13 9.7969
3.16 9.9856
3.19 10.1761
3.22 10.3684
3.25 10.5625
3.28 10.7584
3.31 10.9561
3.34 11.1556
3.37 11.3569
3.4 11.56
3.43 11.7649
3.46 11.9716
3.49 12.1801
3.52 12.3904
3.55 12.6025
3.58 12.8164
3.61 13.0321
3.64 13.2496
3.67 13.4689
3.7 13.69
3.73 13.9129
3.76 14.1376
3.79 14.3641
3.82 14.5924
3.85 14.8225
3.88 15.0544
3.91 15.2881
3.94 15.5236
3.97 15.7609
4 16
